197
0 1
45608
1 1
30294
2 1
99122
3 1
49233
4 1
88055
5 1
31929
6 1
47182
7 1
37050
8 1
71854
9 1
90178
10 1
42576
11 1
27005
12 1
45929
13 1
34910
14 1
57106
15 1
12330
16 1
40720
17 1
45853
18 1
73308
19 1
34109
20 1
60514
21 1
12190
22 1
92610
23 1
30360
24 1
67938
25 1
28562
26 1
55793
27 1
62977
28 1
15591
29 1
69361
30 1
18368
31 1
62359
32 1
41228
33 1
79505
34 1
27800
35 1
14697
36 1
99462
37 1
48474
38 1
92416
39 1
42324
40 1
74784
41 1
98655
42 1
10211
43 1
39292
44 1
42450
45 1
98282
46 1
91066
47 1
88949
48 1
25194
49 1
85191
50 1
84778
51 1
1232
52 1
69736
53 1
61098
54 1
81349
55 1
462
56 1
41616
57 1
8238
58 1
4043
59 1
26167
60 1
83752
61 1
26401
62 1
25446
63 1
45240
64 1
11463
65 1
4722
66 1
61868
67 1
8420
68 1
66584
69 1
92147
70 1
76432
71 1
75318
72 1
17698
73 1
61346
74 1
42042
75 1
72551
76 1
67143
77 1
56177
78 1
43271
79 1
15601
80 1
22662
81 1
83633
82 1
35441
83 1
13463
84 1
37438
85 1
86169
86 1
3767
87 1
50480
88 1
26920
89 1
74429
90 1
74876
91 1
88836
92 1
20672
93 1
75406
94 1
25513
95 1
39472
96 1
23281
97 1
51506
98 1
13143
99 1
26285
100 1
20998
101 1
70616
102 1
99980
103 1
45409
104 1
29800
105 1
88984
106 1
20920
107 1
48205
108 1
40430
109 1
36017
110 1
58343
111 1
78382
112 1
41284
113 1
77780
114 1
32683
115 1
44635
116 1
36649
117 1
25033
118 1
30661
119 1
40858
120 1
56191
121 1
94287
122 1
13385
123 1
18185
124 1
90452
125 1
38475
126 1
80097
127 1
38323
128 1
52782
129 1
21181
130 1
23705
131 1
72352
132 1
56677
133 1
91673
134 1
47729
135 1
10386
136 1
62274
137 1
5902
138 1
32701
139 1
54397
140 1
89909
141 1
84401
142 1
72905
143 1
5193
144 1
74147
145 1
10017
146 1
73303
147 1
37740
148 1
27152
149 1
70882
150 1
47914
151 1
4080
152 1
52014
153 1
79354
154 1
92325
155 1
77765
156 1
36043
157 1
78510
158 1
54957
159 1
2286
160 1
8044
161 1
58092
162 1
82818
163 1
27393
164 1
26042
165 1
81958
166 1
89617
167 1
19274
168 1
28552
169 1
11989
170 1
80726
171 1
33601
172 1
94827
173 1
29838
174 1
48836
175 1
77880
176 1
80255
177 1
41033
178 1
68949
179 1
83024
180 1
72660
181 1
66738
182 1
32343
183 1
24770
184 1
29786
185 1
59268
186 1
71948
187 1
16673
188 1
84319
189 1
71241
190 1
74195
191 1
68432
192 1
8270
193 1
23224
194 1
64388
195 1
60511
196 1
21560
