1035
953 0

298 0

264 0

253 0

594 0

475 0

583 0

434 0

888 0

467 0

205 0

555 0

182 0

602 0

955 0

277 0

696 0

269 0

28 1
28686
28 1
28686
220 0

209 0

131 0

339 0

700 0

8 1
85895
8 1
85895
956 0

325 0

3 1
29482
3 1
29482
189 0

99 0

598 0

373 0

77 0

938 0

705 0

210 0

858 0

603 0

232 0

148 0

57 0

297 0

522 0

972 0

203 0

845 0

577 0

425 0

627 0

745 0

499 0

73 0

749 0

721 0

600 0

314 0

75 0

782 0

852 0

449 0

157 0

489 0

974 0

72 0

511 0

90 0

524 0

458 0

719 0

787 0

216 0

753 0

219 0

644 0

780 0

208 0

995 0

963 0

503 0

464 0

866 0

492 0

593 0

414 0

690 0

717 0

744 0

551 0

367 0

884 0

897 0

445 0

818 0

808 0

691 0

169 0

657 0

403 0

400 0

794 0

223 0

828 0

556 0

988 0

520 0

417 0

271 0

681 0

211 0

393 0

869 0

672 0

100 0

778 0

945 0

960 0

868 0

636 0

827 0

76 0

981 0

461 0

951 0

129 0

570 0

288 0

698 0

20 1
28631
20 1
28631
777 0

108 0

266 0

286 0

385 0

715 0

117 0

178 0

24 1
87101
24 1
87101
939 0

250 0

335 0

597 0

149 0

279 0

830 0

662 0

418 0

61 0

407 0

440 0

153 0

504 0

720 0

502 0

678 0

284 0

518 0

730 0

545 0

466 0

800 0

505 0

59 0

964 0

942 0

993 0

615 0

143 0

946 0

821 0

580 0

441 0

235 0

910 0

459 0

14 1
76907
14 1
76907
460 0

519 0

668 0

876 0

42 0

399 0

142 0

359 0

748 0

104 0

321 0

30 1
39056
30 1
39056
553 0

674 0

390 0

538 0

915 0

941 0

46 0

558 0

708 0

369 0

734 0

513 0

37 0

899 0

747 0

667 0

141 0

512 0

429 0

886 0

804 0

616 0

320 0

101 0

781 0

391 0

768 0

639 0

683 0

436 0

349 0

648 0

728 0

759 0

623 0

421 0

248 0

477 0

196 0

999 0

737 0

237 0

4 1
98075
4 1
98075
776 0

150 0

756 0

872 0

60 0

162 0

267 0

546 0

857 0

479 0

215 0

355 0

227 0

456 0

52 0

268 0

296 0

165 0

587 0

357 0

311 0

401 0

731 0

813 0

371 0

370 0

396 0

814 0

294 0

838 0

996 0

635 0

410 0

295 0

87 0

517 0

562 0

933 0

199 0

843 0

432 0

816 0

607 0

43 0

909 0

902 0

309 0

368 0

111 0

789 0

345 0

171 0

621 0

618 0

206 0

718 0

601 0

927 0

411 0

606 0

633 0

260 0

444 0

582 0

819 0

542 0

863 0

481 0

758 0

613 0

666 0

738 0

930 0

934 0

826 0

937 0

846 0

991 0

859 0

301 0

870 0

563 0

900 0

918 0

952 0

775 0

797 0

68 0

495 0

462 0

834 0

508 0

576 0

591 0

501 0

330 0

173 0

723 0

51 0

810 0

626 0

383 0

965 0

641 0

19 1
9150
19 1
9150
259 0

10 1
76535
10 1
76535
102 0

257 0

154 0

139 0

537 0

854 0

483 0

95 0

105 0

168 0

238 0

147 0

213 0

801 0

997 0

614 0

491 0

478 0

130 0

706 0

923 0

742 0

811 0

476 0

270 0

693 0

11 1
86663
11 1
86663
249 0

890 0

625 0

25 1
87812
25 1
87812
506 0

867 0

110 0

741 0

181 0

74 0

361 0

343 0

922 0

382 0

929 0

815 0

704 0

962 0

982 0

895 0

468 0

898 0

564 0

241 0

136 0

514 0

919 0

699 0

387 0

842 0

302 0

172 0

438 0

581 0

348 0

244 0

305 0

114 0

420 0

179 0

825 0

27 1
99175
27 1
99175
877 0

735 0

158 0

54 0

63 0

875 0

686 0

970 0

23 1
23607
23 1
23607
45 0

378 0

932 0

994 0

832 0

160 0

727 0

779 0

431 0

64 0

319 0

736 0

534 0

675 0

850 0

58 0

725 0

913 0

180 0

665 0

331 0

344 0

89 0

670 0

824 0

291 0

480 0

496 0

959 0

829 0

510 0

119 0

752 0

356 0

649 0

763 0

599 0

624 0

86 0

283 0

115 0

754 0

921 0

987 0

574 0

193 0

322 0

308 0

125 0

350 0

82 0

561 0

352 0

33 1
39036
33 1
39036
380 0

809 0

47 0

486 0

498 0

453 0

535 0

364 0

544 0

12 1
70780
12 1
70780
333 0

549 0

713 0

402 0

6 1
61010
6 1
61010
669 0

336 0

807 0

218 0

358 0

647 0

694 0

126 0

796 0

530 0

313 0

557 0

389 0

493 0

127 0

381 0

790 0

317 0

528 0

62 0

973 0

214 0

907 0

586 0

239 0

137 0

770 0

234 0

656 0

21 1
31548
21 1
31548
729 0

523 0

228 0

609 0

16 1
99090
16 1
99090
983 0

39 0

885 0

337 0

785 0

273 0

911 0

183 0

18 1
43167
18 1
43167
702 0

673 0

873 0

903 0

365 0

457 0

388 0

419 0

548 0

651 0

865 0

197 0

894 0

924 0

69 0

452 0

786 0

526 0

848 0

969 0

67 0

48 0

354 0

849 0

954 0

620 0

329 0

590 0

950 0

733 0

299 0

185 0

836 0

896 0

658 0

372 0

645 0

304 0

312 0

103 0

928 0

532 0

485 0

605 0

802 0

968 0

346 0

971 0

839 0

711 0

967 0

360 0

986 0

236 0

833 0

589 0

282 0

722 0

397 0

340 0

688 0

977 0

630 0

5 1
23530
5 1
23530
889 0

550 0

494 0

225 0

473 0

527 0

840 0

935 0

509 0

201 0

487 0

246 0

793 0

861 0

769 0

634 0

880 0

121 0

726 0

860 0

640 0

455 0

272 0

22 1
99402
22 1
99402
944 0

943 0

437 0

661 0

306 0

366 0

533 0

864 0

567 0

176 0

106 0

979 0

398 0

957 0

663 0

724 0

765 0

443 0

622 0

610 0

470 0

692 0

290 0

310 0

547 0

926 0

163 0

442 0

795 0

862 0

874 0

695 0

412 0

879 0

226 0

338 0

128 0

124 0

784 0

409 0

258 0

155 0

245 0

0 1
31074
0 1
31074
482 0

529 0

474 0

404 0

906 0

837 0

374 0

578 0

289 0

191 0

353 0

716 0

966 0

914 0

327 0

192 0

113 0

714 0

764 0

772 0

844 0

447 0

539 0

186 0

878 0

575 0

112 0

585 0

31 1
43896
31 1
43896
739 0

379 0

712 0

469 0

559 0

871 0

853 0

362 0

912 0

958 0

684 0

93 0

566 0

94 0

680 0

140 0

798 0

413 0

584 0

497 0

985 0

653 0

1 1
27478
1 1
27478
300 0

166 0

652 0

671 0

84 0

217 0

83 0

384 0

901 0

604 0

174 0

571 0

707 0

375 0

760 0

560 0

200 0

247 0

516 0

823 0

96 0

55 0

274 0

212 0

395 0

152 0

488 0

135 0

17 1
21772
17 1
21772
446 0

71 0

26 1
69003
26 1
69003
408 0

984 0

293 0

822 0

697 0

689 0

660 0

34 1
71122
34 1
71122
316 0

342 0

40 0

766 0

851 0

732 0

806 0

883 0

642 0

80 0

679 0

525 0

428 0

536 0

177 0

572 0

676 0

940 0

255 0

376 0

612 0

204 0

161 0

931 0

451 0

677 0

788 0

36 0

465 0

817 0

422 0

632 0

109 0

326 0

88 0

29 1
28421
29 1
28421
949 0

347 0

307 0

579 0

740 0

377 0

685 0

252 0

56 0

925 0

242 0

750 0

569 0

887 0

755 0

97 0

643 0

664 0

654 0

650 0

655 0

7 1
8085
7 1
8085
783 0

188 0

893 0

439 0

132 0

881 0

287 0

978 0

619 0

263 0

38 0

415 0

427 0

195 0

35 0

831 0

133 0

303 0

194 0

484 0

405 0

261 0

803 0

767 0

207 0

687 0

892 0

617 0

426 0

891 0

138 0

424 0

554 0

315 0

118 0

190 0

637 0

230 0

187 0

292 0

500 0

341 0

568 0

507 0

323 0

751 0

917 0

318 0

998 0

123 0

423 0

905 0

835 0

608 0

351 0

710 0

989 0

701 0

709 0

394 0

646 0

262 0

151 0

156 0

243 0

515 0

363 0

9 1
56608
9 1
56608
976 0

32 1
93255
32 1
93255
184 0

638 0

521 0

773 0

285 0

855 0

53 0

116 0

540 0

490 0

122 0

961 0

433 0

774 0

107 0

472 0

792 0

659 0

50 0

448 0

454 0

224 0

280 0

920 0

276 0

91 0

746 0

332 0

595 0

543 0

611 0

159 0

265 0

164 0

812 0

908 0

233 0

592 0

41 0

145 0

170 0

167 0

847 0

392 0

254 0

79 0

65 0

992 0

573 0

256 0

799 0

757 0

980 0

743 0

175 0

771 0

820 0

596 0

98 0

15 1
26268
15 1
26268
66 0

229 0

531 0

78 0

975 0

990 0

805 0

2 1
14231
2 1
14231
588 0

324 0

430 0

240 0

631 0

916 0

134 0

92 0

334 0

202 0

882 0

85 0

791 0

278 0

222 0

49 0

904 0

251 0

947 0

146 0

628 0

761 0

450 0

762 0

221 0

565 0

629 0

541 0

406 0

703 0

435 0

275 0

948 0

386 0

416 0

552 0

463 0

471 0

856 0

120 0

328 0

44 0

81 0

936 0

281 0

70 0

231 0

682 0

198 0

13 1
27540
13 1
27540
841 0

144 0

